[cam_0]
name = "1"
size = [ 1920, 1200,]
matrix = [ [ 12534.34633017298, 0.0, 959.5,], [ 0.0, 12534.34633017298, 599.5,], [ 0.0, 0.0, 1.0,],]
distortions = [ 6.434092905087801, 0.0, 0.0, 0.0, 0.0,]
rotation = [ 0.011548319515292949, 0.040773460147983005, -0.02678301276493671,]
translation = [ -2.904326250775348, 0.7864917730308989, -30.924851764528107,]

[cam_1]
name = "2"
size = [ 1920, 1200,]
matrix = [ [ 13158.734673297831, 0.0, 959.5,], [ 0.0, 13158.734673297831, 599.5,], [ 0.0, 0.0, 1.0,],]
distortions = [ 1.1217422095672558, 0.0, 0.0, 0.0, 0.0,]
rotation = [ -0.0029555730687854864, -0.7238573144452402, -0.013183533846282182,]
translation = [ 62.50877797560939, -0.9723324957317466, -4.001539307424778,]

[cam_2]
name = "3"
size = [ 1920, 1200,]
matrix = [ [ 12702.704445807745, 0.0, 959.5,], [ 0.0, 12702.704445807745, 599.5,], [ 0.0, 0.0, 1.0,],]
distortions = [ 4.721330821259395, 0.0, 0.0, 0.0, 0.0,]
rotation = [ 0.027761138933898397, -1.4689995484528582, 0.0007257779043900371,]
translation = [ 92.39604214591499, 1.5182987243265833, 59.2646903938348,]

[cam_3]
name = "4"
size = [ 1920, 1200,]
matrix = [ [ 12702.704445807745, 0.0, 959.5,], [ 0.0, 12702.704445807745, 599.5,], [ 0.0, 0.0, 1.0,],]
distortions = [ 4.721330821259395, 0.0, 0.0, 0.0, 0.0,]
rotation = [ 0.050432331313219, -2.2112388090543225, -0.012419595888612474,]
translation = [ 73.49588412820573, 0.4679014496157414, 119.37362255008321,]

[cam_4]
name = "5"
size = [ 1920, 1200,]
matrix = [ [ 13068.621432703172, 0.0, 959.5,], [ 0.0, 13068.621432703172, 599.5,], [ 0.0, 0.0, 1.0,],]
distortions = [ 2.2255108864356883, 0.0, 0.0, 0.0, 0.0,]
rotation = [ 0.040142978007305256, -2.9763353226618134, 0.0028115170380418695,]
translation = [ 14.309654578563036, 0.010141025888506117, 156.17023758850988,]

[metadata]
adjusted = false
error = 1.2730372633977933
